1	0.000000E+00 
2	1.953125E-04 
3	3.906250E-04 
4	5.859375E-04 
5	7.812500E-04 
6	9.765625E-04 
7	1.171875E-03 
8	1.367188E-03 
9	1.562500E-03 
10	1.757813E-03 
11	1.953125E-03 
12	2.148438E-03 
13	2.343750E-03 
14	2.539063E-03 
15	2.734375E-03 
16	2.929688E-03 
17	3.125000E-03 
18	3.320313E-03 
19	3.515625E-03 
20	3.710938E-03 
21	3.906250E-03 
22	4.101563E-03 
23	4.296875E-03 
24	4.492188E-03 
25	4.687500E-03 
26	4.882812E-03 
27	5.078125E-03 
28	5.273438E-03 
29	5.468750E-03 
30	5.664063E-03 
31	5.859375E-03 
32	6.054688E-03 
33	6.250000E-03 
34	6.445313E-03 
35	6.640625E-03 
36	6.835938E-03 
37	7.031250E-03 
38	7.226563E-03 
39	7.421875E-03 
40	7.617188E-03 
41	7.812500E-03 
42	8.007813E-03 
43	8.203125E-03 
44	8.398437E-03 
45	8.593750E-03 
46	8.789062E-03 
47	8.984375E-03 
48	9.179688E-03 
49	9.375000E-03 
50	9.570313E-03 
51	9.765625E-03 
52	9.960938E-03 
53	1.015625E-02 
54	1.035156E-02 
55	1.054688E-02 
56	1.074219E-02 
57	1.093750E-02 
58	1.113281E-02 
59	1.132813E-02 
60	1.152344E-02 
61	1.171875E-02 
62	1.191406E-02 
63	1.210938E-02 
64	1.230469E-02 
65	1.250000E-02 
66	1.269531E-02 
67	1.289063E-02 
68	1.308594E-02 
69	1.328125E-02 
70	1.347656E-02 
71	1.367188E-02 
72	1.386719E-02 
73	1.406250E-02 
74	1.425781E-02 
75	1.445313E-02 
76	1.464844E-02 
77	1.484375E-02 
78	1.503906E-02 
79	1.523438E-02 
80	1.542969E-02 
81	1.562500E-02 
82	1.582031E-02 
83	1.601563E-02 
84	1.621094E-02 
85	1.640625E-02 
86	1.660156E-02 
87	1.679687E-02 
88	1.699219E-02 
89	1.718750E-02 
90	1.738281E-02 
91	1.757812E-02 
92	1.777344E-02 
93	1.796875E-02 
94	1.816406E-02 
95	1.835938E-02 
96	1.855469E-02 
97	1.875000E-02 
98	1.894531E-02 
99	1.914063E-02 
100	1.933594E-02 
101	1.953125E-02 
102	1.972656E-02 
103	1.992188E-02 
104	2.011719E-02 
105	2.031250E-02 
106	2.050781E-02 
107	2.070313E-02 
108	2.089844E-02 
109	2.109375E-02 
110	2.128906E-02 
111	2.148438E-02 
112	2.167969E-02 
113	2.187500E-02 
114	2.207031E-02 
115	2.226563E-02 
116	2.246094E-02 
117	2.265625E-02 
118	2.285156E-02 
119	2.304688E-02 
120	2.324219E-02 
121	2.343750E-02 
122	2.363281E-02 
123	2.382813E-02 
124	2.402344E-02 
125	2.421875E-02 
126	2.441406E-02 
127	2.460938E-02 
128	2.480469E-02 
129	2.500000E-02 
130	2.519531E-02 
131	2.539062E-02 
132	2.558594E-02 
133	2.578125E-02 
134	2.597656E-02 
135	2.617188E-02 
136	2.636719E-02 
137	2.656250E-02 
138	2.675781E-02 
139	2.695313E-02 
140	2.714844E-02 
141	2.734375E-02 
142	2.753906E-02 
143	2.773438E-02 
144	2.792969E-02 
145	2.812500E-02 
146	2.832031E-02 
147	2.851563E-02 
148	2.871094E-02 
149	2.890625E-02 
150	2.910156E-02 
151	2.929688E-02 
152	2.949219E-02 
153	2.968750E-02 
154	2.988281E-02 
155	3.007813E-02 
156	3.027344E-02 
157	3.046875E-02 
158	3.066406E-02 
159	3.085938E-02 
160	3.105469E-02 
161	3.125000E-02 
162	3.144531E-02 
163	3.164062E-02 
164	3.183594E-02 
165	3.203125E-02 
166	3.222656E-02 
167	3.242188E-02 
168	3.261719E-02 
169	3.281250E-02 
170	3.300781E-02 
171	3.320312E-02 
172	3.339844E-02 
173	3.359375E-02 
174	3.378906E-02 
175	3.398438E-02 
176	3.417969E-02 
177	3.437500E-02 
178	3.457031E-02 
179	3.476563E-02 
180	3.496094E-02 
181	3.515625E-02 
182	3.535156E-02 
183	3.554687E-02 
184	3.574219E-02 
185	3.593750E-02 
186	3.613281E-02 
187	3.632813E-02 
188	3.652344E-02 
189	3.671875E-02 
190	3.691406E-02 
191	3.710938E-02 
192	3.730469E-02 
193	3.750000E-02 
194	3.769531E-02 
195	3.789063E-02 
196	3.808594E-02 
197	3.828125E-02 
198	3.847656E-02 
199	3.867188E-02 
200	3.886719E-02 
201	3.906250E-02 
202	3.925781E-02 
203	3.945313E-02 
204	3.964844E-02 
205	3.984375E-02 
206	4.003906E-02 
207	4.023438E-02 
208	4.042969E-02 
209	4.062500E-02 
210	4.082031E-02 
211	4.101562E-02 
212	4.121094E-02 
213	4.140625E-02 
214	4.160156E-02 
215	4.179688E-02 
216	4.199219E-02 
217	4.218750E-02 
218	4.238281E-02 
219	4.257813E-02 
220	4.277344E-02 
221	4.296875E-02 
222	4.316406E-02 
223	4.335938E-02 
224	4.355469E-02 
225	4.375000E-02 
226	4.394531E-02 
227	4.414063E-02 
228	4.433594E-02 
229	4.453125E-02 
230	4.472656E-02 
231	4.492188E-02 
232	4.511719E-02 
233	4.531250E-02 
234	4.550781E-02 
235	4.570313E-02 
236	4.589844E-02 
237	4.609375E-02 
238	4.628906E-02 
239	4.648438E-02 
240	4.667969E-02 
241	4.687500E-02 
242	4.707031E-02 
243	4.726563E-02 
244	4.746094E-02 
245	4.765625E-02 
246	4.785156E-02 
247	4.804688E-02 
248	4.824219E-02 
249	4.843750E-02 
250	4.863281E-02 
251	4.882812E-02 
252	4.902344E-02 
253	4.921875E-02 
254	4.941406E-02 
255	4.960938E-02 
256	4.980469E-02 
257	5.000000E-02 
258	5.019531E-02 
259	5.039063E-02 
260	5.058594E-02 
261	5.078125E-02 
262	5.097656E-02 
263	5.117188E-02 
264	5.136719E-02 
265	5.156250E-02 
266	5.175781E-02 
267	5.195313E-02 
268	5.214844E-02 
269	5.234375E-02 
270	5.253906E-02 
271	5.273438E-02 
272	5.292969E-02 
273	5.312500E-02 
274	5.332031E-02 
275	5.351563E-02 
276	5.371094E-02 
277	5.390625E-02 
278	5.410156E-02 
279	5.429688E-02 
280	5.449219E-02 
281	5.468750E-02 
282	5.488281E-02 
283	5.507813E-02 
284	5.527344E-02 
285	5.546875E-02 
286	5.566406E-02 
287	5.585938E-02 
288	5.605469E-02 
289	5.625000E-02 
290	5.644531E-02 
291	5.664062E-02 
292	5.683594E-02 
293	5.703125E-02 
294	5.722656E-02 
295	5.742188E-02 
296	5.761719E-02 
297	5.781250E-02 
298	5.800781E-02 
299	5.820313E-02 
300	5.839844E-02 
301	5.859375E-02 
302	5.878906E-02 
303	5.898438E-02 
304	5.917969E-02 
305	5.937500E-02 
306	5.957031E-02 
307	5.976563E-02 
308	5.996094E-02 
309	6.015625E-02 
310	6.035156E-02 
311	6.054688E-02 
312	6.074219E-02 
313	6.093750E-02 
314	6.113281E-02 
315	6.132813E-02 
316	6.152344E-02 
317	6.171875E-02 
318	6.191406E-02 
319	6.210938E-02 
320	6.230469E-02 
321	6.250000E-02 
322	6.269531E-02 
323	6.289063E-02 
324	6.308594E-02 
325	6.328125E-02 
326	6.347656E-02 
327	6.367188E-02 
328	6.386719E-02 
329	6.406250E-02 
330	6.425781E-02 
331	6.445312E-02 
332	6.464844E-02 
333	6.484375E-02 
334	6.503906E-02 
335	6.523437E-02 
336	6.542969E-02 
337	6.562500E-02 
338	6.582031E-02 
339	6.601563E-02 
340	6.621094E-02 
341	6.640625E-02 
342	6.660156E-02 
343	6.679688E-02 
344	6.699219E-02 
345	6.718750E-02 
346	6.738281E-02 
347	6.757813E-02 
348	6.777344E-02 
349	6.796875E-02 
350	6.816406E-02 
351	6.835938E-02 
352	6.855469E-02 
353	6.875000E-02 
354	6.894531E-02 
355	6.914062E-02 
356	6.933594E-02 
357	6.953125E-02 
358	6.972656E-02 
359	6.992188E-02 
360	7.011719E-02 
361	7.031250E-02 
362	7.050781E-02 
363	7.070313E-02 
364	7.089844E-02 
365	7.109375E-02 
366	7.128906E-02 
367	7.148438E-02 
368	7.167969E-02 
369	7.187500E-02 
370	7.207031E-02 
371	7.226562E-02 
372	7.246094E-02 
373	7.265625E-02 
374	7.285156E-02 
375	7.304687E-02 
376	7.324219E-02 
377	7.343750E-02 
378	7.363281E-02 
379	7.382813E-02 
380	7.402344E-02 
381	7.421875E-02 
382	7.441406E-02 
383	7.460938E-02 
384	7.480469E-02 
385	7.500000E-02 
386	7.519531E-02 
387	7.539063E-02 
388	7.558594E-02 
389	7.578125E-02 
390	7.597656E-02 
391	7.617188E-02 
392	7.636719E-02 
393	7.656250E-02 
394	7.675781E-02 
395	7.695313E-02 
396	7.714844E-02 
397	7.734375E-02 
398	7.753906E-02 
399	7.773438E-02 
400	7.792969E-02 
401	7.812500E-02 
402	7.832031E-02 
403	7.851563E-02 
404	7.871094E-02 
405	7.890625E-02 
406	7.910156E-02 
407	7.929688E-02 
408	7.949219E-02 
409	7.968750E-02 
410	7.988281E-02 
411	8.007812E-02 
412	8.027344E-02 
413	8.046875E-02 
414	8.066406E-02 
415	8.085938E-02 
416	8.105469E-02 
417	8.125000E-02 
418	8.144531E-02 
419	8.164063E-02 
420	8.183594E-02 
421	8.203125E-02 
422	8.222656E-02 
423	8.242188E-02 
424	8.261719E-02 
425	8.281250E-02 
426	8.300781E-02 
427	8.320313E-02 
428	8.339844E-02 
429	8.359375E-02 
430	8.378906E-02 
431	8.398438E-02 
432	8.417969E-02 
433	8.437500E-02 
434	8.457031E-02 
435	8.476563E-02 
436	8.496094E-02 
437	8.515625E-02 
438	8.535156E-02 
439	8.554688E-02 
440	8.574219E-02 
441	8.593750E-02 
442	8.613281E-02 
443	8.632813E-02 
444	8.652344E-02 
445	8.671875E-02 
446	8.691406E-02 
447	8.710938E-02 
448	8.730469E-02 
449	8.750000E-02 
450	8.769531E-02 
451	8.789062E-02 
452	8.808594E-02 
453	8.828125E-02 
454	8.847656E-02 
455	8.867188E-02 
456	8.886719E-02 
457	8.906250E-02 
458	8.925781E-02 
459	8.945313E-02 
460	8.964844E-02 
461	8.984375E-02 
462	9.003906E-02 
463	9.023438E-02 
464	9.042969E-02 
465	9.062500E-02 
466	9.082031E-02 
467	9.101563E-02 
468	9.121094E-02 
469	9.140625E-02 
470	9.160156E-02 
471	9.179688E-02 
472	9.199219E-02 
473	9.218750E-02 
474	9.238281E-02 
475	9.257813E-02 
476	9.277344E-02 
477	9.296875E-02 
478	9.316406E-02 
479	9.335938E-02 
480	9.355469E-02 
481	9.375000E-02 
482	9.394531E-02 
483	9.414063E-02 
484	9.433594E-02 
485	9.453125E-02 
486	9.472656E-02 
487	9.492188E-02 
488	9.511719E-02 
489	9.531250E-02 
490	9.550781E-02 
491	9.570312E-02 
492	9.589844E-02 
493	9.609375E-02 
494	9.628906E-02 
495	9.648438E-02 
496	9.667969E-02 
497	9.687500E-02 
498	9.707031E-02 
499	9.726563E-02 
500	9.746094E-02 
501	9.765625E-02 
502	9.785156E-02 
503	9.804688E-02 
504	9.824219E-02 
505	9.843750E-02 
506	9.863281E-02 
507	9.882813E-02 
508	9.902344E-02 
509	9.921875E-02 
510	9.941406E-02 
511	9.960938E-02 
512	9.980469E-02 
513	1.000000E-01 
514	1.001953E-01 
515	1.003906E-01 
516	1.005859E-01 
517	1.007813E-01 
518	1.009766E-01 
519	1.011719E-01 
520	1.013672E-01 
521	1.015625E-01 
522	1.017578E-01 
523	1.019531E-01 
524	1.021484E-01 
525	1.023438E-01 
526	1.025391E-01 
527	1.027344E-01 
528	1.029297E-01 
529	1.031250E-01 
530	1.033203E-01 
531	1.035156E-01 
532	1.037109E-01 
533	1.039063E-01 
534	1.041016E-01 
535	1.042969E-01 
536	1.044922E-01 
537	1.046875E-01 
538	1.048828E-01 
539	1.050781E-01 
540	1.052734E-01 
541	1.054688E-01 
542	1.056641E-01 
543	1.058594E-01 
544	1.060547E-01 
545	1.062500E-01 
546	1.064453E-01 
547	1.066406E-01 
548	1.068359E-01 
549	1.070313E-01 
550	1.072266E-01 
551	1.074219E-01 
552	1.076172E-01 
553	1.078125E-01 
554	1.080078E-01 
555	1.082031E-01 
556	1.083984E-01 
557	1.085938E-01 
558	1.087891E-01 
559	1.089844E-01 
560	1.091797E-01 
561	1.093750E-01 
562	1.095703E-01 
563	1.097656E-01 
564	1.099609E-01 
565	1.101563E-01 
566	1.103516E-01 
567	1.105469E-01 
568	1.107422E-01 
569	1.109375E-01 
570	1.111328E-01 
571	1.113281E-01 
572	1.115234E-01 
573	1.117188E-01 
574	1.119141E-01 
575	1.121094E-01 
576	1.123047E-01 
577	1.125000E-01 
578	1.126953E-01 
579	1.128906E-01 
580	1.130859E-01 
581	1.132812E-01 
582	1.134766E-01 
583	1.136719E-01 
584	1.138672E-01 
585	1.140625E-01 
586	1.142578E-01 
587	1.144531E-01 
588	1.146484E-01 
589	1.148438E-01 
590	1.150391E-01 
591	1.152344E-01 
592	1.154297E-01 
593	1.156250E-01 
594	1.158203E-01 
595	1.160156E-01 
596	1.162109E-01 
597	1.164063E-01 
598	1.166016E-01 
599	1.167969E-01 
600	1.169922E-01 
601	1.171875E-01 
602	1.173828E-01 
603	1.175781E-01 
604	1.177734E-01 
605	1.179688E-01 
606	1.181641E-01 
607	1.183594E-01 
608	1.185547E-01 
609	1.187500E-01 
610	1.189453E-01 
611	1.191406E-01 
612	1.193359E-01 
613	1.195313E-01 
614	1.197266E-01 
615	1.199219E-01 
616	1.201172E-01 
617	1.203125E-01 
618	1.205078E-01 
619	1.207031E-01 
620	1.208984E-01 
621	1.210938E-01 
622	1.212891E-01 
623	1.214844E-01 
624	1.216797E-01 
625	1.218750E-01 
626	1.220703E-01 
627	1.222656E-01 
628	1.224609E-01 
629	1.226563E-01 
630	1.228516E-01 
631	1.230469E-01 
632	1.232422E-01 
633	1.234375E-01 
634	1.236328E-01 
635	1.238281E-01 
636	1.240234E-01 
637	1.242188E-01 
638	1.244141E-01 
639	1.246094E-01 
640	1.248047E-01 
641	1.250000E-01 
642	1.251953E-01 
643	1.253906E-01 
644	1.255859E-01 
645	1.257813E-01 
646	1.259766E-01 
647	1.261719E-01 
648	1.263672E-01 
649	1.265625E-01 
650	1.267578E-01 
651	1.269531E-01 
652	1.271484E-01 
653	1.273438E-01 
654	1.275391E-01 
655	1.277344E-01 
656	1.279297E-01 
657	1.281250E-01 
658	1.283203E-01 
659	1.285156E-01 
660	1.287109E-01 
661	1.289062E-01 
662	1.291016E-01 
663	1.292969E-01 
664	1.294922E-01 
665	1.296875E-01 
666	1.298828E-01 
667	1.300781E-01 
668	1.302734E-01 
669	1.304687E-01 
670	1.306641E-01 
671	1.308594E-01 
672	1.310547E-01 
673	1.312500E-01 
674	1.314453E-01 
675	1.316406E-01 
676	1.318359E-01 
677	1.320313E-01 
678	1.322266E-01 
679	1.324219E-01 
680	1.326172E-01 
681	1.328125E-01 
682	1.330078E-01 
683	1.332031E-01 
684	1.333984E-01 
685	1.335938E-01 
686	1.337891E-01 
687	1.339844E-01 
688	1.341797E-01 
689	1.343750E-01 
690	1.345703E-01 
691	1.347656E-01 
692	1.349609E-01 
693	1.351563E-01 
694	1.353516E-01 
695	1.355469E-01 
696	1.357422E-01 
697	1.359375E-01 
698	1.361328E-01 
699	1.363281E-01 
700	1.365234E-01 
701	1.367188E-01 
702	1.369141E-01 
703	1.371094E-01 
704	1.373047E-01 
705	1.375000E-01 
706	1.376953E-01 
707	1.378906E-01 
708	1.380859E-01 
709	1.382812E-01 
710	1.384766E-01 
711	1.386719E-01 
712	1.388672E-01 
713	1.390625E-01 
714	1.392578E-01 
715	1.394531E-01 
716	1.396484E-01 
717	1.398438E-01 
718	1.400391E-01 
719	1.402344E-01 
720	1.404297E-01 
721	1.406250E-01 
722	1.408203E-01 
723	1.410156E-01 
724	1.412109E-01 
725	1.414063E-01 
726	1.416016E-01 
727	1.417969E-01 
728	1.419922E-01 
729	1.421875E-01 
730	1.423828E-01 
731	1.425781E-01 
732	1.427734E-01 
733	1.429688E-01 
734	1.431641E-01 
735	1.433594E-01 
736	1.435547E-01 
737	1.437500E-01 
738	1.439453E-01 
739	1.441406E-01 
740	1.443359E-01 
741	1.445312E-01 
742	1.447266E-01 
743	1.449219E-01 
744	1.451172E-01 
745	1.453125E-01 
746	1.455078E-01 
747	1.457031E-01 
748	1.458984E-01 
749	1.460937E-01 
750	1.462891E-01 
751	1.464844E-01 
752	1.466797E-01 
753	1.468750E-01 
754	1.470703E-01 
755	1.472656E-01 
756	1.474609E-01 
757	1.476563E-01 
758	1.478516E-01 
759	1.480469E-01 
760	1.482422E-01 
761	1.484375E-01 
762	1.486328E-01 
763	1.488281E-01 
764	1.490234E-01 
765	1.492188E-01 
766	1.494141E-01 
767	1.496094E-01 
768	1.498047E-01 
769	1.500000E-01 
770	1.501953E-01 
771	1.503906E-01 
772	1.505859E-01 
773	1.507813E-01 
774	1.509766E-01 
775	1.511719E-01 
776	1.513672E-01 
777	1.515625E-01 
778	1.517578E-01 
779	1.519531E-01 
780	1.521484E-01 
781	1.523438E-01 
782	1.525391E-01 
783	1.527344E-01 
784	1.529297E-01 
785	1.531250E-01 
786	1.533203E-01 
787	1.535156E-01 
788	1.537109E-01 
789	1.539063E-01 
790	1.541016E-01 
791	1.542969E-01 
792	1.544922E-01 
793	1.546875E-01 
794	1.548828E-01 
795	1.550781E-01 
796	1.552734E-01 
797	1.554688E-01 
798	1.556641E-01 
799	1.558594E-01 
800	1.560547E-01 
801	1.562500E-01 
802	1.564453E-01 
803	1.566406E-01 
804	1.568359E-01 
805	1.570313E-01 
806	1.572266E-01 
807	1.574219E-01 
808	1.576172E-01 
809	1.578125E-01 
810	1.580078E-01 
811	1.582031E-01 
812	1.583984E-01 
813	1.585938E-01 
814	1.587891E-01 
815	1.589844E-01 
816	1.591797E-01 
817	1.593750E-01 
818	1.595703E-01 
819	1.597656E-01 
820	1.599609E-01 
821	1.601562E-01 
822	1.603516E-01 
823	1.605469E-01 
824	1.607422E-01 
825	1.609375E-01 
826	1.611328E-01 
827	1.613281E-01 
828	1.615234E-01 
829	1.617188E-01 
830	1.619141E-01 
831	1.621094E-01 
832	1.623047E-01 
833	1.625000E-01 
834	1.626953E-01 
835	1.628906E-01 
836	1.630859E-01 
837	1.632813E-01 
838	1.634766E-01 
839	1.636719E-01 
840	1.638672E-01 
841	1.640625E-01 
842	1.642578E-01 
843	1.644531E-01 
844	1.646484E-01 
845	1.648438E-01 
846	1.650391E-01 
847	1.652344E-01 
848	1.654297E-01 
849	1.656250E-01 
850	1.658203E-01 
851	1.660156E-01 
852	1.662109E-01 
853	1.664063E-01 
854	1.666016E-01 
855	1.667969E-01 
856	1.669922E-01 
857	1.671875E-01 
858	1.673828E-01 
859	1.675781E-01 
860	1.677734E-01 
861	1.679688E-01 
862	1.681641E-01 
863	1.683594E-01 
864	1.685547E-01 
865	1.687500E-01 
866	1.689453E-01 
867	1.691406E-01 
868	1.693359E-01 
869	1.695313E-01 
870	1.697266E-01 
871	1.699219E-01 
872	1.701172E-01 
873	1.703125E-01 
874	1.705078E-01 
875	1.707031E-01 
876	1.708984E-01 
877	1.710938E-01 
878	1.712891E-01 
879	1.714844E-01 
880	1.716797E-01 
881	1.718750E-01 
882	1.720703E-01 
883	1.722656E-01 
884	1.724609E-01 
885	1.726563E-01 
886	1.728516E-01 
887	1.730469E-01 
888	1.732422E-01 
889	1.734375E-01 
890	1.736328E-01 
891	1.738281E-01 
892	1.740234E-01 
893	1.742188E-01 
894	1.744141E-01 
895	1.746094E-01 
896	1.748047E-01 
897	1.750000E-01 
898	1.751953E-01 
899	1.753906E-01 
900	1.755859E-01 
901	1.757812E-01 
902	1.759766E-01 
903	1.761719E-01 
904	1.763672E-01 
905	1.765625E-01 
906	1.767578E-01 
907	1.769531E-01 
908	1.771484E-01 
909	1.773438E-01 
910	1.775391E-01 
911	1.777344E-01 
912	1.779297E-01 
913	1.781250E-01 
914	1.783203E-01 
915	1.785156E-01 
916	1.787109E-01 
917	1.789063E-01 
918	1.791016E-01 
919	1.792969E-01 
920	1.794922E-01 
921	1.796875E-01 
922	1.798828E-01 
923	1.800781E-01 
924	1.802734E-01 
925	1.804688E-01 
926	1.806641E-01 
927	1.808594E-01 
928	1.810547E-01 
929	1.812500E-01 
930	1.814453E-01 
931	1.816406E-01 
932	1.818359E-01 
933	1.820313E-01 
934	1.822266E-01 
935	1.824219E-01 
936	1.826172E-01 
937	1.828125E-01 
938	1.830078E-01 
939	1.832031E-01 
940	1.833984E-01 
941	1.835938E-01 
942	1.837891E-01 
943	1.839844E-01 
944	1.841797E-01 
945	1.843750E-01 
946	1.845703E-01 
947	1.847656E-01 
948	1.849609E-01 
949	1.851563E-01 
950	1.853516E-01 
951	1.855469E-01 
952	1.857422E-01 
953	1.859375E-01 
954	1.861328E-01 
955	1.863281E-01 
956	1.865234E-01 
957	1.867188E-01 
958	1.869141E-01 
959	1.871094E-01 
960	1.873047E-01 
961	1.875000E-01 
962	1.876953E-01 
963	1.878906E-01 
964	1.880859E-01 
965	1.882813E-01 
966	1.884766E-01 
967	1.886719E-01 
968	1.888672E-01 
969	1.890625E-01 
970	1.892578E-01 
971	1.894531E-01 
972	1.896484E-01 
973	1.898438E-01 
974	1.900391E-01 
975	1.902344E-01 
976	1.904297E-01 
977	1.906250E-01 
978	1.908203E-01 
979	1.910156E-01 
980	1.912109E-01 
981	1.914062E-01 
982	1.916016E-01 
983	1.917969E-01 
984	1.919922E-01 
985	1.921875E-01 
986	1.923828E-01 
987	1.925781E-01 
988	1.927734E-01 
989	1.929688E-01 
990	1.931641E-01 
991	1.933594E-01 
992	1.935547E-01 
993	1.937500E-01 
994	1.939453E-01 
995	1.941406E-01 
996	1.943359E-01 
997	1.945313E-01 
998	1.947266E-01 
999	1.949219E-01 
1000	1.951172E-01 
1001	1.953125E-01 
1002	1.955078E-01 
1003	1.957031E-01 
1004	1.958984E-01 
1005	1.960938E-01 
1006	1.962891E-01 
1007	1.964844E-01 
1008	1.966797E-01 
1009	1.968750E-01 
1010	1.970703E-01 
1011	1.972656E-01 
1012	1.974609E-01 
1013	1.976563E-01 
1014	1.978516E-01 
1015	1.980469E-01 
1016	1.982422E-01 
1017	1.984375E-01 
1018	1.986328E-01 
1019	1.988281E-01 
1020	1.990234E-01 
1021	1.992188E-01 
1022	1.994141E-01 
1023	1.996094E-01 
1024	1.998047E-01 
1025	2.000000E-01 
1026	2.001953E-01 
1027	2.003906E-01 
1028	2.005859E-01 
1029	2.007813E-01 
1030	2.009766E-01 
1031	2.011719E-01 
1032	2.013672E-01 
1033	2.015625E-01 
1034	2.017578E-01 
1035	2.019531E-01 
1036	2.021484E-01 
1037	2.023438E-01 
1038	2.025391E-01 
1039	2.027344E-01 
1040	2.029297E-01 
1041	2.031250E-01 
1042	2.033203E-01 
1043	2.035156E-01 
1044	2.037109E-01 
1045	2.039063E-01 
1046	2.041016E-01 
1047	2.042969E-01 
1048	2.044922E-01 
1049	2.046875E-01 
1050	2.048828E-01 
1051	2.050781E-01 
1052	2.052734E-01 
1053	2.054688E-01 
1054	2.056641E-01 
1055	2.058594E-01 
1056	2.060547E-01 
1057	2.062500E-01 
1058	2.064453E-01 
1059	2.066406E-01 
1060	2.068359E-01 
1061	2.070312E-01 
1062	2.072266E-01 
1063	2.074219E-01 
1064	2.076172E-01 
1065	2.078125E-01 
1066	2.080078E-01 
1067	2.082031E-01 
1068	2.083984E-01 
1069	2.085938E-01 
1070	2.087891E-01 
1071	2.089844E-01 
1072	2.091797E-01 
1073	2.093750E-01 
1074	2.095703E-01 
1075	2.097656E-01 
1076	2.099609E-01 
1077	2.101563E-01 
1078	2.103516E-01 
1079	2.105469E-01 
1080	2.107422E-01 
1081	2.109375E-01 
1082	2.111328E-01 
1083	2.113281E-01 
1084	2.115234E-01 
1085	2.117188E-01 
1086	2.119141E-01 
1087	2.121094E-01 
1088	2.123047E-01 
1089	2.125000E-01 
1090	2.126953E-01 
1091	2.128906E-01 
1092	2.130859E-01 
1093	2.132813E-01 
1094	2.134766E-01 
1095	2.136719E-01 
1096	2.138672E-01 
1097	2.140625E-01 
1098	2.142578E-01 
1099	2.144531E-01 
1100	2.146484E-01 
1101	2.148438E-01 
1102	2.150391E-01 
1103	2.152344E-01 
1104	2.154297E-01 
1105	2.156250E-01 
1106	2.158203E-01 
1107	2.160156E-01 
1108	2.162109E-01 
1109	2.164063E-01 
1110	2.166016E-01 
1111	2.167969E-01 
1112	2.169922E-01 
1113	2.171875E-01 
1114	2.173828E-01 
1115	2.175781E-01 
1116	2.177734E-01 
1117	2.179688E-01 
1118	2.181641E-01 
1119	2.183594E-01 
1120	2.185547E-01 
1121	2.187500E-01 
1122	2.189453E-01 
1123	2.191406E-01 
1124	2.193359E-01 
1125	2.195313E-01 
1126	2.197266E-01 
1127	2.199219E-01 
1128	2.201172E-01 
1129	2.203125E-01 
1130	2.205078E-01 
1131	2.207031E-01 
1132	2.208984E-01 
1133	2.210938E-01 
1134	2.212891E-01 
1135	2.214844E-01 
1136	2.216797E-01 
1137	2.218750E-01 
1138	2.220703E-01 
1139	2.222656E-01 
1140	2.224609E-01 
1141	2.226562E-01 
1142	2.228516E-01 
1143	2.230469E-01 
1144	2.232422E-01 
1145	2.234375E-01 
1146	2.236328E-01 
1147	2.238281E-01 
1148	2.240234E-01 
1149	2.242188E-01 
1150	2.244141E-01 
1151	2.246094E-01 
1152	2.248047E-01 
1153	2.250000E-01 
1154	2.251953E-01 
1155	2.253906E-01 
1156	2.255859E-01 
1157	2.257813E-01 
1158	2.259766E-01 
1159	2.261719E-01 
1160	2.263672E-01 
1161	2.265625E-01 
1162	2.267578E-01 
1163	2.269531E-01 
1164	2.271484E-01 
1165	2.273438E-01 
1166	2.275391E-01 
1167	2.277344E-01 
1168	2.279297E-01 
1169	2.281250E-01 
1170	2.283203E-01 
1171	2.285156E-01 
1172	2.287109E-01 
1173	2.289063E-01 
1174	2.291016E-01 
1175	2.292969E-01 
1176	2.294922E-01 
1177	2.296875E-01 
1178	2.298828E-01 
1179	2.300781E-01 
1180	2.302734E-01 
1181	2.304688E-01 
1182	2.306641E-01 
1183	2.308594E-01 
1184	2.310547E-01 
1185	2.312500E-01 
1186	2.314453E-01 
1187	2.316406E-01 
1188	2.318359E-01 
1189	2.320313E-01 
1190	2.322266E-01 
1191	2.324219E-01 
1192	2.326172E-01 
1193	2.328125E-01 
1194	2.330078E-01 
1195	2.332031E-01 
1196	2.333984E-01 
1197	2.335938E-01 
1198	2.337891E-01 
1199	2.339844E-01 
1200	2.341797E-01 
1201	2.343750E-01 
1202	2.345703E-01 
1203	2.347656E-01 
1204	2.349609E-01 
1205	2.351563E-01 
1206	2.353516E-01 
1207	2.355469E-01 
1208	2.357422E-01 
1209	2.359375E-01 
1210	2.361328E-01 
1211	2.363281E-01 
1212	2.365234E-01 
1213	2.367188E-01 
1214	2.369141E-01 
1215	2.371094E-01 
1216	2.373047E-01 
1217	2.375000E-01 
1218	2.376953E-01 
1219	2.378906E-01 
1220	2.380859E-01 
1221	2.382812E-01 
1222	2.384766E-01 
1223	2.386719E-01 
1224	2.388672E-01 
1225	2.390625E-01 
1226	2.392578E-01 
1227	2.394531E-01 
1228	2.396484E-01 
1229	2.398438E-01 
1230	2.400391E-01 
1231	2.402344E-01 
1232	2.404297E-01 
1233	2.406250E-01 
1234	2.408203E-01 
1235	2.410156E-01 
1236	2.412109E-01 
1237	2.414063E-01 
1238	2.416016E-01 
1239	2.417969E-01 
1240	2.419922E-01 
1241	2.421875E-01 
1242	2.423828E-01 
1243	2.425781E-01 
1244	2.427734E-01 
1245	2.429688E-01 
1246	2.431641E-01 
1247	2.433594E-01 
1248	2.435547E-01 
1249	2.437500E-01 
1250	2.439453E-01 
1251	2.441406E-01 
1252	2.443359E-01 
1253	2.445313E-01 
1254	2.447266E-01 
1255	2.449219E-01 
1256	2.451172E-01 
1257	2.453125E-01 
1258	2.455078E-01 
1259	2.457031E-01 
1260	2.458984E-01 
1261	2.460938E-01 
1262	2.462891E-01 
1263	2.464844E-01 
1264	2.466797E-01 
1265	2.468750E-01 
1266	2.470703E-01 
1267	2.472656E-01 
1268	2.474609E-01 
1269	2.476563E-01 
1270	2.478516E-01 
1271	2.480469E-01 
1272	2.482422E-01 
1273	2.484375E-01 
1274	2.486328E-01 
1275	2.488281E-01 
1276	2.490234E-01 
1277	2.492188E-01 
1278	2.494141E-01 
1279	2.496094E-01 
1280	2.498047E-01 
1281	2.500000E-01 
1282	2.501953E-01 
1283	2.503906E-01 
1284	2.505859E-01 
1285	2.507813E-01 
1286	2.509766E-01 
1287	2.511719E-01 
1288	2.513672E-01 
1289	2.515625E-01 
1290	2.517578E-01 
1291	2.519531E-01 
1292	2.521484E-01 
1293	2.523438E-01 
1294	2.525391E-01 
1295	2.527344E-01 
1296	2.529297E-01 
1297	2.531250E-01 
1298	2.533203E-01 
1299	2.535156E-01 
1300	2.537109E-01 
1301	2.539062E-01 
1302	2.541016E-01 
1303	2.542969E-01 
1304	2.544922E-01 
1305	2.546875E-01 
1306	2.548828E-01 
1307	2.550781E-01 
1308	2.552734E-01 
1309	2.554688E-01 
1310	2.556641E-01 
1311	2.558594E-01 
1312	2.560547E-01 
1313	2.562500E-01 
1314	2.564453E-01 
1315	2.566406E-01 
1316	2.568359E-01 
1317	2.570312E-01 
1318	2.572266E-01 
1319	2.574219E-01 
1320	2.576172E-01 
1321	2.578125E-01 
1322	2.580078E-01 
1323	2.582031E-01 
1324	2.583984E-01 
1325	2.585938E-01 
1326	2.587891E-01 
1327	2.589844E-01 
1328	2.591797E-01 
1329	2.593750E-01 
1330	2.595703E-01 
1331	2.597656E-01 
1332	2.599609E-01 
1333	2.601563E-01 
1334	2.603516E-01 
1335	2.605469E-01 
1336	2.607422E-01 
1337	2.609375E-01 
1338	2.611328E-01 
1339	2.613281E-01 
1340	2.615234E-01 
1341	2.617188E-01 
1342	2.619141E-01 
1343	2.621094E-01 
1344	2.623047E-01 
1345	2.625000E-01 
1346	2.626953E-01 
1347	2.628906E-01 
1348	2.630859E-01 
1349	2.632813E-01 
1350	2.634766E-01 
1351	2.636719E-01 
1352	2.638672E-01 
1353	2.640625E-01 
1354	2.642578E-01 
1355	2.644531E-01 
1356	2.646484E-01 
1357	2.648437E-01 
1358	2.650391E-01 
1359	2.652344E-01 
1360	2.654297E-01 
1361	2.656250E-01 
1362	2.658203E-01 
1363	2.660156E-01 
1364	2.662109E-01 
1365	2.664063E-01 
1366	2.666016E-01 
1367	2.667969E-01 
1368	2.669922E-01 
1369	2.671875E-01 
1370	2.673828E-01 
1371	2.675781E-01 
1372	2.677734E-01 
1373	2.679688E-01 
1374	2.681641E-01 
1375	2.683594E-01 
1376	2.685547E-01 
1377	2.687500E-01 
1378	2.689453E-01 
1379	2.691406E-01 
1380	2.693359E-01 
1381	2.695312E-01 
1382	2.697266E-01 
1383	2.699219E-01 
1384	2.701172E-01 
1385	2.703125E-01 
1386	2.705078E-01 
1387	2.707031E-01 
1388	2.708984E-01 
1389	2.710938E-01 
1390	2.712891E-01 
1391	2.714844E-01 
1392	2.716797E-01 
1393	2.718750E-01 
1394	2.720703E-01 
1395	2.722656E-01 
1396	2.724609E-01 
1397	2.726562E-01 
1398	2.728516E-01 
1399	2.730469E-01 
1400	2.732422E-01 
1401	2.734375E-01 
1402	2.736328E-01 
1403	2.738281E-01 
1404	2.740234E-01 
1405	2.742188E-01 
1406	2.744141E-01 
1407	2.746094E-01 
1408	2.748047E-01 
1409	2.750000E-01 
1410	2.751953E-01 
1411	2.753906E-01 
1412	2.755859E-01 
1413	2.757813E-01 
1414	2.759766E-01 
1415	2.761719E-01 
1416	2.763672E-01 
1417	2.765625E-01 
1418	2.767578E-01 
1419	2.769531E-01 
1420	2.771484E-01 
1421	2.773438E-01 
1422	2.775391E-01 
1423	2.777344E-01 
1424	2.779297E-01 
1425	2.781250E-01 
1426	2.783203E-01 
1427	2.785156E-01 
1428	2.787109E-01 
1429	2.789063E-01 
1430	2.791016E-01 
1431	2.792969E-01 
1432	2.794922E-01 
1433	2.796875E-01 
1434	2.798828E-01 
1435	2.800781E-01 
1436	2.802734E-01 
1437	2.804687E-01 
1438	2.806641E-01 
1439	2.808594E-01 
1440	2.810547E-01 
1441	2.812500E-01 
1442	2.814453E-01 
1443	2.816406E-01 
1444	2.818359E-01 
1445	2.820313E-01 
1446	2.822266E-01 
1447	2.824219E-01 
1448	2.826172E-01 
1449	2.828125E-01 
1450	2.830078E-01 
1451	2.832031E-01 
1452	2.833984E-01 
1453	2.835938E-01 
1454	2.837891E-01 
1455	2.839844E-01 
1456	2.841797E-01 
1457	2.843750E-01 
1458	2.845703E-01 
1459	2.847656E-01 
1460	2.849609E-01 
1461	2.851562E-01 
1462	2.853516E-01 
1463	2.855469E-01 
1464	2.857422E-01 
1465	2.859375E-01 
1466	2.861328E-01 
1467	2.863281E-01 
1468	2.865234E-01 
1469	2.867188E-01 
1470	2.869141E-01 
1471	2.871094E-01 
1472	2.873047E-01 
1473	2.875000E-01 
1474	2.876953E-01 
1475	2.878906E-01 
1476	2.880859E-01 
1477	2.882812E-01 
1478	2.884766E-01 
1479	2.886719E-01 
1480	2.888672E-01 
1481	2.890625E-01 
1482	2.892578E-01 
1483	2.894531E-01 
1484	2.896484E-01 
1485	2.898438E-01 
1486	2.900391E-01 
1487	2.902344E-01 
1488	2.904297E-01 
1489	2.906250E-01 
1490	2.908203E-01 
1491	2.910156E-01 
1492	2.912109E-01 
1493	2.914063E-01 
1494	2.916016E-01 
1495	2.917969E-01 
1496	2.919922E-01 
1497	2.921875E-01 
1498	2.923828E-01 
1499	2.925781E-01 
1500	2.927734E-01 
1501	2.929688E-01 
1502	2.931641E-01 
1503	2.933594E-01 
1504	2.935547E-01 
1505	2.937500E-01 
1506	2.939453E-01 
1507	2.941406E-01 
1508	2.943359E-01 
1509	2.945313E-01 
1510	2.947266E-01 
1511	2.949219E-01 
1512	2.951172E-01 
1513	2.953125E-01 
1514	2.955078E-01 
1515	2.957031E-01 
1516	2.958984E-01 
1517	2.960937E-01 
1518	2.962891E-01 
1519	2.964844E-01 
1520	2.966797E-01 
1521	2.968750E-01 
1522	2.970703E-01 
1523	2.972656E-01 
1524	2.974609E-01 
1525	2.976563E-01 
1526	2.978516E-01 
1527	2.980469E-01 
1528	2.982422E-01 
1529	2.984375E-01 
1530	2.986328E-01 
1531	2.988281E-01 
1532	2.990234E-01 
1533	2.992188E-01 
1534	2.994141E-01 
1535	2.996094E-01 
1536	2.998047E-01 
1537	3.000000E-01 
1538	3.001953E-01 
1539	3.003906E-01 
1540	3.005859E-01 
1541	3.007812E-01 
1542	3.009766E-01 
1543	3.011719E-01 
1544	3.013672E-01 
1545	3.015625E-01 
1546	3.017578E-01 
1547	3.019531E-01 
1548	3.021484E-01 
1549	3.023438E-01 
1550	3.025391E-01 
1551	3.027344E-01 
1552	3.029297E-01 
1553	3.031250E-01 
1554	3.033203E-01 
1555	3.035156E-01 
1556	3.037109E-01 
1557	3.039063E-01 
1558	3.041016E-01 
1559	3.042969E-01 
1560	3.044922E-01 
1561	3.046875E-01 
1562	3.048828E-01 
1563	3.050781E-01 
1564	3.052734E-01 
1565	3.054688E-01 
1566	3.056641E-01 
1567	3.058594E-01 
1568	3.060547E-01 
1569	3.062500E-01 
1570	3.064453E-01 
1571	3.066406E-01 
1572	3.068359E-01 
1573	3.070313E-01 
1574	3.072266E-01 
1575	3.074219E-01 
1576	3.076172E-01 
1577	3.078125E-01 
1578	3.080078E-01 
1579	3.082031E-01 
1580	3.083984E-01 
1581	3.085938E-01 
1582	3.087891E-01 
1583	3.089844E-01 
1584	3.091797E-01 
1585	3.093750E-01 
1586	3.095703E-01 
1587	3.097656E-01 
1588	3.099609E-01 
1589	3.101563E-01 
1590	3.103516E-01 
1591	3.105469E-01 
1592	3.107422E-01 
1593	3.109375E-01 
1594	3.111328E-01 
1595	3.113281E-01 
1596	3.115234E-01 
1597	3.117188E-01 
1598	3.119141E-01 
1599	3.121094E-01 
1600	3.123047E-01 
1601	3.125000E-01 
1602	3.126953E-01 
1603	3.128906E-01 
1604	3.130859E-01 
1605	3.132813E-01 
1606	3.134766E-01 
1607	3.136719E-01 
1608	3.138672E-01 
1609	3.140625E-01 
1610	3.142578E-01 
1611	3.144531E-01 
1612	3.146484E-01 
1613	3.148438E-01 
1614	3.150391E-01 
1615	3.152344E-01 
1616	3.154297E-01 
1617	3.156250E-01 
1618	3.158203E-01 
1619	3.160156E-01 
1620	3.162109E-01 
1621	3.164062E-01 
1622	3.166016E-01 
1623	3.167969E-01 
1624	3.169922E-01 
1625	3.171875E-01 
1626	3.173828E-01 
1627	3.175781E-01 
1628	3.177734E-01 
1629	3.179688E-01 
1630	3.181641E-01 
1631	3.183594E-01 
1632	3.185547E-01 
1633	3.187500E-01 
1634	3.189453E-01 
1635	3.191406E-01 
1636	3.193359E-01 
1637	3.195313E-01 
1638	3.197266E-01 
1639	3.199219E-01 
1640	3.201172E-01 
1641	3.203125E-01 
1642	3.205078E-01 
1643	3.207031E-01 
1644	3.208984E-01 
1645	3.210938E-01 
1646	3.212891E-01 
1647	3.214844E-01 
1648	3.216797E-01 
1649	3.218750E-01 
1650	3.220703E-01 
1651	3.222656E-01 
1652	3.224609E-01 
1653	3.226563E-01 
1654	3.228516E-01 
1655	3.230469E-01 
1656	3.232422E-01 
1657	3.234375E-01 
1658	3.236328E-01 
1659	3.238281E-01 
1660	3.240234E-01 
1661	3.242188E-01 
1662	3.244141E-01 
1663	3.246094E-01 
1664	3.248047E-01 
1665	3.250000E-01 
1666	3.251953E-01 
1667	3.253906E-01 
1668	3.255859E-01 
1669	3.257813E-01 
1670	3.259766E-01 
1671	3.261719E-01 
1672	3.263672E-01 
1673	3.265625E-01 
1674	3.267578E-01 
1675	3.269531E-01 
1676	3.271484E-01 
1677	3.273438E-01 
1678	3.275391E-01 
1679	3.277344E-01 
1680	3.279297E-01 
1681	3.281250E-01 
1682	3.283203E-01 
1683	3.285156E-01 
1684	3.287109E-01 
1685	3.289063E-01 
1686	3.291016E-01 
1687	3.292969E-01 
1688	3.294922E-01 
1689	3.296875E-01 
1690	3.298828E-01 
1691	3.300781E-01 
1692	3.302734E-01 
1693	3.304688E-01 
1694	3.306641E-01 
1695	3.308594E-01 
1696	3.310547E-01 
1697	3.312500E-01 
1698	3.314453E-01 
1699	3.316406E-01 
1700	3.318359E-01 
1701	3.320312E-01 
1702	3.322266E-01 
1703	3.324219E-01 
1704	3.326172E-01 
1705	3.328125E-01 
1706	3.330078E-01 
1707	3.332031E-01 
1708	3.333984E-01 
1709	3.335938E-01 
1710	3.337891E-01 
1711	3.339844E-01 
1712	3.341797E-01 
1713	3.343750E-01 
1714	3.345703E-01 
1715	3.347656E-01 
1716	3.349609E-01 
1717	3.351563E-01 
1718	3.353516E-01 
1719	3.355469E-01 
1720	3.357422E-01 
1721	3.359375E-01 
1722	3.361328E-01 
1723	3.363281E-01 
1724	3.365234E-01 
1725	3.367188E-01 
1726	3.369141E-01 
1727	3.371094E-01 
1728	3.373047E-01 
1729	3.375000E-01 
1730	3.376953E-01 
1731	3.378906E-01 
1732	3.380859E-01 
1733	3.382813E-01 
1734	3.384766E-01 
1735	3.386719E-01 
1736	3.388672E-01 
1737	3.390625E-01 
1738	3.392578E-01 
1739	3.394531E-01 
1740	3.396484E-01 
1741	3.398438E-01 
1742	3.400391E-01 
1743	3.402344E-01 
1744	3.404297E-01 
1745	3.406250E-01 
1746	3.408203E-01 
1747	3.410156E-01 
1748	3.412109E-01 
1749	3.414063E-01 
1750	3.416016E-01 
1751	3.417969E-01 
1752	3.419922E-01 
1753	3.421875E-01 
1754	3.423828E-01 
1755	3.425781E-01 
1756	3.427734E-01 
1757	3.429688E-01 
1758	3.431641E-01 
1759	3.433594E-01 
1760	3.435547E-01 
1761	3.437500E-01 
1762	3.439453E-01 
1763	3.441406E-01 
1764	3.443359E-01 
1765	3.445313E-01 
1766	3.447266E-01 
1767	3.449219E-01 
1768	3.451172E-01 
1769	3.453125E-01 
1770	3.455078E-01 
1771	3.457031E-01 
1772	3.458984E-01 
1773	3.460938E-01 
1774	3.462891E-01 
1775	3.464844E-01 
1776	3.466797E-01 
1777	3.468750E-01 
1778	3.470703E-01 
1779	3.472656E-01 
1780	3.474609E-01 
1781	3.476562E-01 
1782	3.478516E-01 
1783	3.480469E-01 
1784	3.482422E-01 
1785	3.484375E-01 
1786	3.486328E-01 
1787	3.488281E-01 
1788	3.490234E-01 
1789	3.492188E-01 
1790	3.494141E-01 
1791	3.496094E-01 
1792	3.498047E-01 
1793	3.500000E-01 
1794	3.501953E-01 
1795	3.503906E-01 
1796	3.505859E-01 
1797	3.507813E-01 
1798	3.509766E-01 
1799	3.511719E-01 
1800	3.513672E-01 
1801	3.515625E-01 
1802	3.517578E-01 
1803	3.519531E-01 
1804	3.521484E-01 
1805	3.523438E-01 
1806	3.525391E-01 
1807	3.527344E-01 
1808	3.529297E-01 
1809	3.531250E-01 
1810	3.533203E-01 
1811	3.535156E-01 
1812	3.537109E-01 
1813	3.539063E-01 
1814	3.541016E-01 
1815	3.542969E-01 
1816	3.544922E-01 
1817	3.546875E-01 
1818	3.548828E-01 
1819	3.550781E-01 
1820	3.552734E-01 
1821	3.554688E-01 
1822	3.556641E-01 
1823	3.558594E-01 
1824	3.560547E-01 
1825	3.562500E-01 
1826	3.564453E-01 
1827	3.566406E-01 
1828	3.568359E-01 
1829	3.570313E-01 
1830	3.572266E-01 
1831	3.574219E-01 
1832	3.576172E-01 
1833	3.578125E-01 
1834	3.580078E-01 
1835	3.582031E-01 
1836	3.583984E-01 
1837	3.585938E-01 
1838	3.587891E-01 
1839	3.589844E-01 
1840	3.591797E-01 
1841	3.593750E-01 
1842	3.595703E-01 
1843	3.597656E-01 
1844	3.599609E-01 
1845	3.601563E-01 
1846	3.603516E-01 
1847	3.605469E-01 
1848	3.607422E-01 
1849	3.609375E-01 
1850	3.611328E-01 
1851	3.613281E-01 
1852	3.615234E-01 
1853	3.617188E-01 
1854	3.619141E-01 
1855	3.621094E-01 
1856	3.623047E-01 
1857	3.625000E-01 
1858	3.626953E-01 
1859	3.628906E-01 
1860	3.630859E-01 
1861	3.632812E-01 
1862	3.634766E-01 
1863	3.636719E-01 
1864	3.638672E-01 
1865	3.640625E-01 
1866	3.642578E-01 
1867	3.644531E-01 
1868	3.646484E-01 
1869	3.648438E-01 
1870	3.650391E-01 
1871	3.652344E-01 
1872	3.654297E-01 
1873	3.656250E-01 
1874	3.658203E-01 
1875	3.660156E-01 
1876	3.662109E-01 
1877	3.664063E-01 
1878	3.666016E-01 
1879	3.667969E-01 
1880	3.669922E-01 
1881	3.671875E-01 
1882	3.673828E-01 
1883	3.675781E-01 
1884	3.677734E-01 
1885	3.679688E-01 
1886	3.681641E-01 
1887	3.683594E-01 
1888	3.685547E-01 
1889	3.687500E-01 
1890	3.689453E-01 
1891	3.691406E-01 
1892	3.693359E-01 
1893	3.695313E-01 
1894	3.697266E-01 
1895	3.699219E-01 
1896	3.701172E-01 
1897	3.703125E-01 
1898	3.705078E-01 
1899	3.707031E-01 
1900	3.708984E-01 
1901	3.710938E-01 
1902	3.712891E-01 
1903	3.714844E-01 
1904	3.716797E-01 
1905	3.718750E-01 
1906	3.720703E-01 
1907	3.722656E-01 
1908	3.724609E-01 
1909	3.726563E-01 
1910	3.728516E-01 
1911	3.730469E-01 
1912	3.732422E-01 
1913	3.734375E-01 
1914	3.736328E-01 
1915	3.738281E-01 
1916	3.740234E-01 
1917	3.742188E-01 
1918	3.744141E-01 
1919	3.746094E-01 
1920	3.748047E-01 
1921	3.750000E-01 
1922	3.751953E-01 
1923	3.753906E-01 
1924	3.755859E-01 
1925	3.757813E-01 
1926	3.759766E-01 
1927	3.761719E-01 
1928	3.763672E-01 
1929	3.765625E-01 
1930	3.767578E-01 
1931	3.769531E-01 
1932	3.771484E-01 
1933	3.773438E-01 
1934	3.775391E-01 
1935	3.777344E-01 
1936	3.779297E-01 
1937	3.781250E-01 
1938	3.783203E-01 
1939	3.785156E-01 
1940	3.787109E-01 
1941	3.789062E-01 
1942	3.791016E-01 
1943	3.792969E-01 
1944	3.794922E-01 
1945	3.796875E-01 
1946	3.798828E-01 
1947	3.800781E-01 
1948	3.802734E-01 
1949	3.804688E-01 
1950	3.806641E-01 
1951	3.808594E-01 
1952	3.810547E-01 
1953	3.812500E-01 
1954	3.814453E-01 
1955	3.816406E-01 
1956	3.818359E-01 
1957	3.820313E-01 
1958	3.822266E-01 
1959	3.824219E-01 
1960	3.826172E-01 
1961	3.828125E-01 
1962	3.830078E-01 
1963	3.832031E-01 
1964	3.833984E-01 
1965	3.835938E-01 
1966	3.837891E-01 
1967	3.839844E-01 
1968	3.841797E-01 
1969	3.843750E-01 
1970	3.845703E-01 
1971	3.847656E-01 
1972	3.849609E-01 
1973	3.851563E-01 
1974	3.853516E-01 
1975	3.855469E-01 
1976	3.857422E-01 
1977	3.859375E-01 
1978	3.861328E-01 
1979	3.863281E-01 
1980	3.865234E-01 
1981	3.867188E-01 
1982	3.869141E-01 
1983	3.871094E-01 
1984	3.873047E-01 
1985	3.875000E-01 
1986	3.876953E-01 
1987	3.878906E-01 
1988	3.880859E-01 
1989	3.882813E-01 
1990	3.884766E-01 
1991	3.886719E-01 
1992	3.888672E-01 
1993	3.890625E-01 
1994	3.892578E-01 
1995	3.894531E-01 
1996	3.896484E-01 
1997	3.898438E-01 
1998	3.900391E-01 
1999	3.902344E-01 
2000	3.904297E-01 
2001	3.906250E-01 
2002	3.908203E-01 
2003	3.910156E-01 
2004	3.912109E-01 
2005	3.914063E-01 
2006	3.916016E-01 
2007	3.917969E-01 
2008	3.919922E-01 
2009	3.921875E-01 
2010	3.923828E-01 
2011	3.925781E-01 
2012	3.927734E-01 
2013	3.929688E-01 
2014	3.931641E-01 
2015	3.933594E-01 
2016	3.935547E-01 
2017	3.937500E-01 
2018	3.939453E-01 
2019	3.941406E-01 
2020	3.943359E-01 
2021	3.945312E-01 
2022	3.947266E-01 
2023	3.949219E-01 
2024	3.951172E-01 
2025	3.953125E-01 
2026	3.955078E-01 
2027	3.957031E-01 
2028	3.958984E-01 
2029	3.960938E-01 
2030	3.962891E-01 
2031	3.964844E-01 
2032	3.966797E-01 
2033	3.968750E-01 
2034	3.970703E-01 
2035	3.972656E-01 
2036	3.974609E-01 
2037	3.976563E-01 
2038	3.978516E-01 
2039	3.980469E-01 
2040	3.982422E-01 
2041	3.984375E-01 
2042	3.986328E-01 
2043	3.988281E-01 
2044	3.990234E-01 
2045	3.992188E-01 
2046	3.994141E-01 
2047	3.996094E-01 
2048	3.998047E-01 
