taken from https://physics.nist.gov/PhysRefData/FFast/html/form.html
    E              f1 
   keV           e atom-1

1.069000E-02  9.29037E+00
1.142761E-02  9.28534E+00
1.221612E-02  9.27958E+00
1.305903E-02  9.27298E+00
1.396010E-02  9.26544E+00
1.492335E-02  9.25679E+00
1.595306E-02  9.24690E+00
1.705382E-02  9.23556E+00
1.823053E-02  9.22256E+00
1.948844E-02  9.20767E+00
2.083314E-02  9.19057E+00
2.227063E-02  9.17096E+00
2.380730E-02  9.14843E+00
2.545001E-02  9.12254E+00
2.720606E-02  9.09275E+00
2.908327E-02  9.05845E+00
3.109002E-02  9.01890E+00
3.323523E-02  8.97325E+00
3.552846E-02  8.92046E+00
3.797993E-02  8.85929E+00
4.060054E-02  8.78826E+00
4.340198E-02  8.70556E+00
4.639671E-02  8.60896E+00
4.959809E-02  8.49567E+00
5.302035E-02  8.36216E+00
5.667876E-02  8.20386E+00
6.058959E-02  8.01472E+00
6.477028E-02  7.78638E+00
6.923942E-02  7.50680E+00
7.401695E-02  7.15722E+00
7.912411E-02  6.70431E+00
8.458368E-02  6.06764E+00
8.712200E-02  5.64666E+00
8.845550E-02  5.27889E+00
8.881110E-02  5.01683E+00
8.934450E-02  5.11898E+00
9.041995E-02  5.09657E+00
9.067800E-02  5.07502E+00
9.665893E-02  4.30507E+00
1.033284E-01  3.35762E+00
1.104581E-01  2.47607E+00
1.180797E-01  1.80997E+00
1.262272E-01  1.49791E+00
1.349368E-01  1.63144E+00
1.442475E-01  2.23705E+00
1.542005E-01  3.27653E+00
1.648404E-01  4.66077E+00
1.762144E-01  6.26791E+00
1.883732E-01  7.95392E+00
2.013709E-01  9.52269E+00
2.095240E-01  1.01694E+01
2.127310E-01  1.00543E+01
2.135862E-01  9.60025E+00
2.148690E-01  1.02597E+01
2.152655E-01  1.04030E+01
2.182460E-01  1.10418E+01
2.215865E-01  1.14044E+01
2.224773E-01  1.13064E+01
2.238135E-01  1.17277E+01
2.271540E-01  1.23826E+01
2.301188E-01  1.28377E+01
2.459970E-01  1.48064E+01
2.629708E-01  1.64724E+01
2.811158E-01  1.77817E+01
2.825634E-01  1.78453E+01
2.868883E-01  1.78572E+01
2.880417E-01  1.75673E+01
2.897716E-01  1.80720E+01
2.940966E-01  1.87115E+01
3.005128E-01  1.93348E+01
3.212482E-01  2.08660E+01
3.434143E-01  2.21571E+01
3.671099E-01  2.32881E+01
3.924405E-01  2.42803E+01
4.195189E-01  2.51426E+01
4.484657E-01  2.58850E+01
4.794098E-01  2.65175E+01
5.124891E-01  2.70500E+01
5.478508E-01  2.74917E+01
5.856525E-01  2.78510E+01
6.260625E-01  2.81356E+01
6.692609E-01  2.83463E+01
7.154399E-01  2.85005E+01
7.648052E-01  2.85971E+01
8.175768E-01  2.86402E+01
8.739896E-01  2.86334E+01
9.0000000E-01  2.88820E+01
9.0450000E-01  2.88793E+01
9.0902250E-01  2.88765E+01
9.1356761E-01  2.88735E+01
9.1813545E-01  2.88703E+01
9.2272613E-01  2.88669E+01
9.2733976E-01  2.88633E+01
9.3197646E-01  2.88596E+01
9.3663634E-01  2.88558E+01
9.4131952E-01  2.88519E+01
9.4602612E-01  2.88479E+01
9.5075625E-01  2.88438E+01
9.5551003E-01  2.88397E+01
9.6028758E-01  2.88357E+01
9.6508902E-01  2.88318E+01
9.6991446E-01  2.88280E+01
9.7476404E-01  2.88245E+01
9.7963786E-01  2.88214E+01
9.8453605E-01  2.88188E+01
9.8945873E-01  2.88169E+01
9.9440602E-01  2.88161E+01
9.9937805E-01  2.88167E+01
1.0043749E+00  2.88063E+01
1.0093968E+00  2.87937E+01
1.0144438E+00  2.87805E+01
1.0195160E+00  2.87668E+01
1.0246136E+00  2.87525E+01
1.0297367E+00  2.87376E+01
1.0348853E+00  2.87222E+01
1.0400598E+00  2.87063E+01
1.0452601E+00  2.86898E+01
1.0504864E+00  2.86727E+01
1.0557388E+00  2.86551E+01
1.0610175E+00  2.86370E+01
1.0663226E+00  2.86183E+01
1.0716542E+00  2.85991E+01
1.0770125E+00  2.85793E+01
1.0823975E+00  2.85589E+01
1.0878095E+00  2.85381E+01
1.0932486E+00  2.85166E+01
1.0987148E+00  2.84946E+01
1.1042084E+00  2.84720E+01
1.1097294E+00  2.84488E+01
1.1152781E+00  2.84251E+01
1.1208545E+00  2.84007E+01
1.1264587E+00  2.83758E+01
1.1320910E+00  2.83503E+01
1.1377515E+00  2.83242E+01
1.1434402E+00  2.82974E+01
1.1491574E+00  2.82701E+01
1.1549032E+00  2.82420E+01
1.1606777E+00  2.82134E+01
1.1664811E+00  2.81840E+01
1.1723135E+00  2.81539E+01
1.1781751E+00  2.81231E+01
1.1840660E+00  2.80915E+01
1.1899863E+00  2.80592E+01
1.1959362E+00  2.80261E+01
1.2019159E+00  2.79923E+01
1.2079255E+00  2.79576E+01
1.2139651E+00  2.79222E+01
1.2200350E+00  2.78858E+01
1.2261351E+00  2.78487E+01
1.2322658E+00  2.78106E+01
1.2384271E+00  2.77716E+01
1.2446193E+00  2.77317E+01
1.2508424E+00  2.76908E+01
1.2570966E+00  2.76489E+01
1.2633821E+00  2.76060E+01
1.2696990E+00  2.75620E+01
1.2760475E+00  2.75170E+01
1.2824277E+00  2.74707E+01
1.2888399E+00  2.74234E+01
1.2952840E+00  2.73748E+01
1.3017605E+00  2.73249E+01
1.3082693E+00  2.72737E+01
1.3148106E+00  2.72211E+01
1.3213847E+00  2.71672E+01
1.3279916E+00  2.71117E+01
1.3346316E+00  2.70547E+01
1.3413047E+00  2.69961E+01
1.3480112E+00  2.69358E+01
1.3547513E+00  2.68737E+01
1.3615250E+00  2.68098E+01
1.3683327E+00  2.67439E+01
1.3751743E+00  2.66760E+01
1.3820502E+00  2.66060E+01
1.3889605E+00  2.65337E+01
1.3959053E+00  2.64591E+01
1.4028848E+00  2.63819E+01
1.4098992E+00  2.63021E+01
1.4169487E+00  2.62195E+01
1.4240335E+00  2.61339E+01
1.4311536E+00  2.60451E+01
1.4383094E+00  2.59530E+01
1.4455009E+00  2.58573E+01
1.4527284E+00  2.57577E+01
1.4599921E+00  2.56540E+01
1.4672920E+00  2.55459E+01
1.4746285E+00  2.54330E+01
1.4820016E+00  2.53150E+01
1.4894117E+00  2.51914E+01
1.4968587E+00  2.50618E+01
1.5043430E+00  2.49256E+01
1.5118647E+00  2.47821E+01
1.5194240E+00  2.46308E+01
1.5270212E+00  2.44707E+01
1.5346563E+00  2.43009E+01
1.5423295E+00  2.41203E+01
1.5500412E+00  2.39276E+01
1.5577914E+00  2.37211E+01
1.5655804E+00  2.34991E+01
1.5734083E+00  2.32591E+01
1.5812753E+00  2.29983E+01
1.5891817E+00  2.27131E+01
1.5971276E+00  2.23986E+01
1.6051132E+00  2.20489E+01
1.6131388E+00  2.16552E+01
1.6212045E+00  2.12058E+01
1.6293105E+00  2.06827E+01
1.6374571E+00  2.00577E+01
1.6456443E+00  1.92819E+01
1.6538726E+00  1.82574E+01
1.6621419E+00  1.67363E+01
1.6704526E+00  1.36146E+01
1.6747007E+00  4.64497E+00
1.6750994E+00  4.49118E+00
1.6788049E+00  1.30021E+01
1.6871989E+00  1.61340E+01
1.6956349E+00  1.73862E+01
1.7041131E+00  1.80060E+01
1.7126337E+00  1.81618E+01
1.7211968E+00  1.75651E+01
1.7269841E+00  1.32390E+01
1.7274159E+00  1.31930E+01
1.7298028E+00  1.68801E+01
1.7384518E+00  1.94458E+01
1.7471441E+00  2.06785E+01
1.7558798E+00  2.15639E+01
1.7646592E+00  2.22720E+01
1.7734825E+00  2.28675E+01
1.7823499E+00  2.33827E+01
1.7912617E+00  2.38363E+01
1.8002180E+00  2.42405E+01
1.8092191E+00  2.46033E+01
1.8182652E+00  2.49304E+01
1.8273565E+00  2.52257E+01
1.8364933E+00  2.54918E+01
1.8456757E+00  2.57302E+01
1.8549041E+00  2.59413E+01
1.8641786E+00  2.61241E+01
1.8734995E+00  2.62757E+01
1.8828670E+00  2.63900E+01
1.8922814E+00  2.64538E+01
1.9017428E+00  2.64363E+01
1.9112515E+00  2.62375E+01
1.9194747E+00  2.52812E+01
1.9208077E+00  2.40373E+01
1.9225253E+00  2.53179E+01
1.9304118E+00  2.66053E+01
1.9400638E+00  2.72335E+01
1.9497642E+00  2.76713E+01
1.9595130E+00  2.80275E+01
1.9693105E+00  2.83362E+01
1.9791571E+00  2.86126E+01
1.9890529E+00  2.88651E+01
1.9989981E+00  2.90986E+01
2.0089931E+00  2.93165E+01
2.0190381E+00  2.95207E+01
2.0291333E+00  2.97142E+01
2.0392790E+00  2.98985E+01
2.0494754E+00  3.00744E+01
2.0597227E+00  3.02428E+01
2.0700213E+00  3.04043E+01
2.0803714E+00  3.05596E+01
2.0907733E+00  3.07091E+01
2.1012272E+00  3.08532E+01
2.1117333E+00  3.09923E+01
2.1222920E+00  3.11269E+01
2.1329034E+00  3.12571E+01
2.1435680E+00  3.13834E+01
2.1542858E+00  3.15059E+01
2.1650572E+00  3.16249E+01
2.1758825E+00  3.17407E+01
2.1867619E+00  3.18532E+01
2.1976957E+00  3.19623E+01
2.2086842E+00  3.20683E+01
2.2197276E+00  3.21713E+01
2.2308263E+00  3.22715E+01
2.2419804E+00  3.23690E+01
2.2531903E+00  3.24640E+01
2.2644562E+00  3.25564E+01
2.2757785E+00  3.26462E+01
2.2871574E+00  3.27336E+01
2.2985932E+00  3.28188E+01
2.3100862E+00  3.29017E+01
2.3216366E+00  3.29825E+01
2.3332448E+00  3.30613E+01
2.3449110E+00  3.31382E+01
2.3566356E+00  3.32132E+01
2.3684187E+00  3.32864E+01
2.3802608E+00  3.33578E+01
2.3921621E+00  3.34275E+01
2.4041230E+00  3.34957E+01
2.4161436E+00  3.35622E+01
2.4282243E+00  3.36273E+01
2.4403654E+00  3.36909E+01
2.4525672E+00  3.37531E+01
2.4648301E+00  3.38140E+01
2.4771542E+00  3.38736E+01
2.4895400E+00  3.39320E+01
2.5019877E+00  3.39892E+01
2.5144976E+00  3.40449E+01
2.5270701E+00  3.40993E+01
2.5397055E+00  3.41524E+01
2.5524040E+00  3.42042E+01
2.5651660E+00  3.42548E+01
2.5779919E+00  3.43042E+01
2.5908818E+00  3.43525E+01
2.6038362E+00  3.43997E+01
2.6168554E+00  3.44457E+01
2.6299397E+00  3.44908E+01
2.6430894E+00  3.45348E+01
2.6563048E+00  3.45779E+01
2.6695863E+00  3.46200E+01
2.6829343E+00  3.46611E+01
2.6963489E+00  3.47014E+01
2.7098307E+00  3.47408E+01
2.7233798E+00  3.47793E+01
2.7369967E+00  3.48170E+01
2.7506817E+00  3.48539E+01
2.7644351E+00  3.48900E+01
2.7782573E+00  3.49253E+01
2.7921486E+00  3.49600E+01
2.8061093E+00  3.49939E+01
2.8201399E+00  3.50271E+01
2.8342406E+00  3.50597E+01
2.8484118E+00  3.50917E+01
2.8626539E+00  3.51230E+01
2.8769671E+00  3.51538E+01
2.8913520E+00  3.51841E+01
2.9058087E+00  3.52139E+01
2.9203378E+00  3.52433E+01
2.9349394E+00  3.52723E+01
2.9496141E+00  3.53012E+01
2.9643622E+00  3.53301E+01
2.9791840E+00  3.53594E+01
2.9940799E+00  3.53902E+01
3.0090503E+00  3.54225E+01
3.0240956E+00  3.54522E+01
3.0392161E+00  3.54800E+01
3.0544122E+00  3.55064E+01
3.0696842E+00  3.55316E+01
3.0850326E+00  3.55558E+01
3.1004578E+00  3.55790E+01
3.1159601E+00  3.56013E+01
3.1315399E+00  3.56229E+01
3.1471976E+00  3.56438E+01
3.1629336E+00  3.56640E+01
3.1787482E+00  3.56836E+01
3.1946420E+00  3.57026E+01
3.2106152E+00  3.57211E+01
3.2266683E+00  3.57390E+01
3.2428016E+00  3.57565E+01
3.2590156E+00  3.57734E+01
3.2753107E+00  3.57899E+01
3.2916873E+00  3.58060E+01
3.3081457E+00  3.58217E+01
3.3246864E+00  3.58370E+01
3.3413099E+00  3.58519E+01
3.3580164E+00  3.59671E+01
3.3748065E+00  3.59811E+01
3.3916805E+00  3.59946E+01
3.4086389E+00  3.60076E+01
3.4256821E+00  3.60200E+01
3.4428105E+00  3.60319E+01
3.4600246E+00  3.60940E+01
3.4773247E+00  3.61050E+01
3.4947113E+00  3.61154E+01
3.5121849E+00  3.61254E+01
3.5297458E+00  3.61348E+01
3.5473945E+00  3.61437E+01
3.5651315E+00  3.61523E+01
3.5829572E+00  3.61603E+01
3.6008719E+00  3.61680E+01
3.6188763E+00  3.61753E+01
3.6369707E+00  3.61822E+01
3.6551555E+00  3.61888E+01
3.6734313E+00  3.61950E+01
3.6917985E+00  3.62010E+01
3.7102575E+00  3.62066E+01
3.7288088E+00  3.62119E+01
3.7474528E+00  3.62169E+01
3.7661901E+00  3.62216E+01
3.7850210E+00  3.62261E+01
3.8039461E+00  3.62304E+01
3.8229659E+00  3.62344E+01
3.8420807E+00  3.62807E+01
3.8612911E+00  3.62845E+01
3.8805975E+00  3.62880E+01
3.9000005E+00  3.62911E+01
3.9195005E+00  3.62939E+01
3.9390980E+00  3.62964E+01
3.9587935E+00  3.62986E+01
3.9785875E+00  3.63005E+01
3.9984804E+00  3.63022E+01
4.0184728E+00  3.63036E+01
4.0385652E+00  3.63047E+01
4.0587580E+00  3.63056E+01
4.0790518E+00  3.63063E+01
4.0994471E+00  3.63067E+01
4.1199443E+00  3.63069E+01
4.1405440E+00  3.63068E+01
4.1612467E+00  3.63066E+01
4.1820530E+00  3.63062E+01
4.2029632E+00  3.63055E+01
4.2239781E+00  3.63047E+01
4.2450980E+00  3.63037E+01
4.2663234E+00  3.63024E+01
4.2876551E+00  3.63010E+01
4.3090933E+00  3.62995E+01
4.3306388E+00  3.62977E+01
4.3522920E+00  3.62958E+01
4.3740535E+00  3.62938E+01
4.3959237E+00  3.62916E+01
4.4179033E+00  3.62892E+01
4.4399929E+00  3.62867E+01
4.4621928E+00  3.62841E+01
4.4845038E+00  3.62813E+01
4.5069263E+00  3.62784E+01
4.5294609E+00  3.62753E+01
4.5521082E+00  3.62722E+01
4.5748688E+00  3.62689E+01
4.5977431E+00  3.62655E+01
4.6207318E+00  3.62619E+01
4.6438355E+00  3.62583E+01
4.6670547E+00  3.62546E+01
4.6903900E+00  3.62507E+01
4.7138419E+00  3.62468E+01
4.7374111E+00  3.62428E+01
4.7610982E+00  3.62386E+01
4.7849037E+00  3.62344E+01
4.8088282E+00  3.62301E+01
4.8328723E+00  3.62257E+01
4.8570367E+00  3.62212E+01
4.8813219E+00  3.62166E+01
4.9057285E+00  3.62120E+01
4.9302571E+00  3.62072E+01
4.9549084E+00  3.62024E+01
4.9796829E+00  3.61976E+01
5.0045814E+00  3.61926E+01
5.0296043E+00  3.61876E+01
5.0547523E+00  3.61825E+01
5.0800260E+00  3.61774E+01
5.1054262E+00  3.61722E+01
5.1309533E+00  3.61669E+01
5.1566081E+00  3.61616E+01
5.1823911E+00  3.61562E+01
5.2083031E+00  3.61508E+01
5.2343446E+00  3.61453E+01
5.2605163E+00  3.61398E+01
5.2868189E+00  3.61342E+01
5.3132530E+00  3.61285E+01
5.3398192E+00  3.61228E+01
5.3665183E+00  3.61171E+01
5.3933509E+00  3.61113E+01
5.4203177E+00  3.61055E+01
5.4474193E+00  3.60997E+01
5.4746564E+00  3.60938E+01
5.5020297E+00  3.60878E+01
5.5295398E+00  3.60819E+01
5.5571875E+00  3.60758E+01
5.5849734E+00  3.60698E+01
5.6128983E+00  3.60637E+01
5.6409628E+00  3.60575E+01
5.6691676E+00  3.60514E+01
5.6975135E+00  3.60452E+01
5.7260010E+00  3.60389E+01
5.7546310E+00  3.60327E+01
5.7834042E+00  3.60264E+01
5.8123212E+00  3.60201E+01
5.8413828E+00  3.60137E+01
5.8705897E+00  3.60073E+01
5.8999427E+00  3.60009E+01
5.9294424E+00  3.59945E+01
5.9590896E+00  3.59880E+01
5.9888850E+00  3.59816E+01
6.0188295E+00  3.59751E+01
6.0489236E+00  3.59685E+01
6.0791682E+00  3.59620E+01
6.1095641E+00  3.59554E+01
6.1401119E+00  3.59488E+01
6.1708125E+00  3.59422E+01
6.2016665E+00  3.59356E+01
6.2326749E+00  3.59290E+01
6.2638382E+00  3.59223E+01
6.2951574E+00  3.59157E+01
6.3266332E+00  3.59090E+01
6.3582664E+00  3.59023E+01
6.3900577E+00  3.58956E+01
6.4220080E+00  3.58889E+01
6.4541180E+00  3.58821E+01
6.4863886E+00  3.58754E+01
6.5188206E+00  3.58686E+01
6.5514147E+00  3.58618E+01
6.5841717E+00  3.58551E+01
6.915365E+00  3.57984E+01
7.392525E+00  3.57052E+01
7.902609E+00  3.56076E+01
8.447890E+00  3.55052E+01
9.030794E+00  3.54026E+01
9.653919E+00  3.52769E+01
1.032004E+01  3.51272E+01
1.103212E+01  3.49475E+01
1.179334E+01  3.47178E+01
1.260708E+01  3.43871E+01
1.347697E+01  3.37744E+01
1.403909E+01  3.27699E+01
1.425397E+01  3.13987E+01
1.431127E+01  2.97438E+01
1.440688E+01  3.15725E+01
1.461211E+01  3.29645E+01
1.540095E+01  3.44353E+01
1.646362E+01  3.51565E+01
1.759961E+01  3.55643E+01
1.881398E+01  3.58418E+01
2.011215E+01  3.60333E+01
2.149988E+01  3.61637E+01
2.298338E+01  3.62526E+01
2.456923E+01  3.63124E+01
2.626450E+01  3.63531E+01
2.807676E+01  3.63793E+01
3.001405E+01  3.64257E+01
3.208502E+01  3.64237E+01
3.429889E+01  3.64141E+01
3.666551E+01  3.63994E+01
3.919543E+01  3.63815E+01
4.189992E+01  3.63617E+01
4.479101E+01  3.63407E+01
4.788159E+01  3.63194E+01
5.118542E+01  3.62981E+01
5.471721E+01  3.62774E+01
5.849270E+01  3.62575E+01
6.252870E+01  3.62388E+01
6.684318E+01  3.62206E+01
7.145536E+01  3.62030E+01
7.638578E+01  3.61863E+01
8.165640E+01  3.61708E+01
8.729069E+01  3.61562E+01
9.331374E+01  3.61424E+01
9.975239E+01  3.61295E+01
1.066353E+02  3.61175E+01
1.139931E+02  3.61065E+01
1.218587E+02  3.60964E+01
1.302669E+02  3.60871E+01
1.392553E+02  3.60786E+01
1.488640E+02  3.60709E+01
1.591356E+02  3.60639E+01
1.701159E+02  3.60575E+01
1.818539E+02  3.60517E+01
1.944018E+02  3.60465E+01
2.078156E+02  3.60417E+01
2.221548E+02  3.60374E+01
2.374835E+02  3.60336E+01
2.538699E+02  3.60301E+01
2.713869E+02  3.60269E+01
2.901126E+02  3.60241E+01
3.101304E+02  3.60216E+01
3.315294E+02  3.60193E+01
3.544049E+02  3.60173E+01
3.788588E+02  3.60154E+01
4.050001E+02  3.60138E+01
4.329451E+02  3.60123E+01